```{r}
y_hat <- 1.2+0.8*4
```
